0000000000000000000000000000000000000000000000000000000000000000
0000000000000000000000000000000000000000000000000000000000000000
0000000000000000000000000000000000000000000000000000000000000000
0000000000000000000000000000000000000000000000000000000000000000
0000001100000000000000000000000000000000011000000000000000000000
0000001111000000000000000000000000000000111100000000000010000000
0000011221100000000000000000000000000000121100000000000111000000
0000001112111000000000000000000000000001111000000000000121100000
0000000011221110000000000000000000000011210000000000001121000000
0000000001112211100000000000000000000012110000000000011211000000
0000000000011122111000000000000000000111100000000000012110000000
0000000000000112221110000000000000001121000000000000112100000000
0000000000000011112211110000000000011211000000000001121100000000
0000000000000000011122211110000000011110000000000011211000000000
0000000000000000000111222210000000001100000000000112110000000000
0000000000000000000001111110000000000000000000000011100000000000
0000000000000000000000001100000000000000000000000001000000000000
0000000000000000000000000000000000000000000000000000000000000000
0000010000000000000000000000000000000000000000000000000000000000
0001110000000000110000000000000000000000000000000000111000000000
0001211000000001111000000000000000000000000000000000121100000000
0001221000000001221000000000000000000000000000000000122100000000
0001221000000001221000001110000001111111111110000000122100000000
0001121000000001221000001211000011222222222210000000122100000000
0000121000000001221000001221000012211111112210000000122100000000
0000121100000001221000001221000012210000011210000000122100000000
0000112100000001221000001221000012210000001210000000122100000000
0000012100000001221000001221000012210000001210000000122100000000
0000011110000001221000001221000012210000001210000000122100000000
0000001210000001221000001221000012210000001210001111122111100000
0000001111000001221000001221000012210000001211111222222222110000
0000000111100001221000001221000012210000001222222222222222210000
0000000012100001221000001221000012210000001211111111122111110000
0000000011110001221000001221000012210000001210000000122100000000
0000000001111111221000001221000012210000001210000000122100000000
0000000000112222221000001221000012210000001210000000122100000000
0000000000011123321000001221000012210000001210000000122100000000
0000000000000123321111111221111112211111111210000000122100000000
0000000000000123322222222222222222222222222210000000122100000000
0000000000000123322222222222222222222222222210000000122100000000
0000000000000123321111111221111112211111112210000000122100000000
0000000000001123321000001221000012210000011210000000122100000000
0000000000011223321000001221000012210000001210000000122100000000
0000000000112222221000001221000012210000001210000000122100000000
0000000001111111221000001221000012210000001210000000122100000000
0000000011110001221000001221000012210000001210001111122111100000
0000000011100001221000001221000012210000001211111222222222110000
0000000111000001221000001221000012210000001222222222222222210000
0000001111000001221000001221000012210000001211111111122111110000
0000001210000001221000001221000012210000001210000000122100000000
0000011110000001221000001221000012210000001210000000122100000000
0000012100000001221000001221000012210000001210000000122100000000
0000112100000001221000001221000012210000001210000000122100000000
0000121100000001221000001221000012211111111210000000122100000000
0000121000000001221000001221000012222222222210000000122100000000
0001121000000001221000001211000011222222222210000000122100000000
0001211000000001221000001110000001111111111110000000122100000000
0001210000000001221000000000000000000000000000000000122100000000
0001110000000001111000000000000000000000000000000000111100000000
0000000000000000110000000000000000000000000000000000011000000000
0000000000000000000000000000000000000000000000000000000000000000
0000000000000000000000000000000000000000000000000000000000000000
0000000000000000000000000000000000000000000000000000000000000000
0000000000000000000000000000000000000000000000000000000000000000
