0000000000000000000000000000000000000000000000000000000000000000
0000000000000000000000000000000000000000000000000000000000000000
0000001100000000000000000000000000000000011000000000000000000000
0000011110000000000000000000000000000000111100000000000000000000
0000012211100000000000000000000000000001122110000000000111000000
0000112222110000000000000000000000000001222211000000001121100000
0000122332211100000000000000000000000011232210000000001222110000
0000112223222111000000000000000000000112222110000000011232210000
0000011122332221110000000000000000000122321100000000112232110000
0000000112223322211100000000000000001123221000000000122322100000
0000000011122233222111000000000000011222211000000001123221100000
0000000000111223332221111000000000112232110000000011223211000000
0000000000001122223322221111000000122322100000000112232210000000
0000000000000111122233322221100001122221100000001122322110000000
0000000000000000111222333321100000112211000000001223221100000000
0000000000000000001112222221000000011110000000001122211000000000
0000000000000000000011112211000000000100000000000112110000000000
0000111000000000000000011110000000000000000000000011100000000000
0011121000000001111000000000000000000000000000000001111100000000
0012221100000011221100000000000000000000000000000001222110000000
0112322100000012222100000000000000000000000000000001232210000000
0012332100000012332100011111000011111111111111000001233210000000
0012332100000012332100012221100112222222222221000001233210000000
0012232100000012332100012322100122333333333321000001233210000000
0011232110000012332100012332100123322222223321000001233210000000
0001232210000012332100012332100123321111122321000001233210000000
0001223210000012332100012332100123321000112321000001233210000000
0001123211000012332100012332100123321000012321000001233210000000
0000122221000012332100012332100123321000012321011111233211110000
0000112321100012332100012332100123321000012321112222233222211000
0000012222110012332100012332100123321000012322222333333333221000
0000011222210012332100012332100123321000012333333333333333321000
0000001123211012332100012332100123321000012322222222233222221000
0000000122221112332100012332100123321000012321111111233211111000
0000000112222222332100012332100123321000012321000001233210000000
0000000011223333332100012332100123321000012321000001233210000000
0000000001122234432111112332111123321111112321000001233210000000
0000000000111234432222222332222223322222222321000001233210000000
0000000000001234433333333333333333333333333321000001233210000000
0000000000001234433333333333333333333333333321000001233210000000
0000000000011234432222222332222223322222223321000001233210000000
0000000000112234432111112332111123321111122321000001233210000000
0000000001122334432100012332100123321000112321000001233210000000
0000000011223333332100012332100123321000012321000001233210000000
0000000112222222332100012332100123321000012321011111233211110000
0000000122221112332100012332100123321000012321112222233222211000
0000001122211012332100012332100123321000012322222333333333221000
0000011222110012332100012332100123321000012333333333333333321000
0000012222100012332100012332100123321000012322222222233222221000
0000112321100012332100012332100123321000012321111111233211111000
0000122221000012332100012332100123321000012321000001233210000000
0001123211000012332100012332100123321000012321000001233210000000
0001223210000012332100012332100123321111112321000001233210000000
0001232210000012332100012332100123322222222321000001233210000000
0011232110000012332100012332100123333333333321000001233210000000
0012232100000012332100012322100122333333333321000001233210000000
0012322100000012332100012221100112222222222221000001233210000000
0112321100000012332100011111000011111111111111000001233210000000
0112221000000012222100000000000000000000000000000001222210000000
0011111000000011221100000000000000000000000000000001122110000000
0000010000000001111000000000000000000000000000000000111100000000
0000000000000000000000000000000000000000000000000000000000000000
0000000000000000000000000000000000000000000000000000000000000000
0000000000000000000000000000000000000000000000000000000000000000
