0000000000000000000000000000000000000000000000000000000000000000
0000000000000000000000000000000000000000000000000000000000000000
0000001100000000000000000000000000000000011000000000000000000000
0000011110000000000000000000000000000000111100000000000000000000
0000011111100000000000000000000000000001111110000000000111000000
0000111111110000000000000000000000000001111111000000001111100000
0000111111111100000000000000000000000011111110000000001111110000
0000111111111111000000000000000000000111111110000000011111110000
0000011111111111110000000000000000000111111100000000111111110000
0000000111111111111100000000000000001111111000000000111111100000
0000000011111111111111000000000000011111111000000001111111100000
0000000000111111111111111000000000111111110000000011111111000000
0000000000001111111111111111000000111111100000000111111110000000
0000000000000111111111111111100001111111100000001111111110000000
0000000000000000111111111111100000111111000000001111111100000000
0000000000000000001111111111000000011110000000001111111000000000
0000000000000000000011111111000000000100000000000111110000000000
0000111000000000000000011110000000000000000000000011100000000000
0011111000000001111000000000000000000000000000000001111100000000
0011111100000011111100000000000000000000000000000001111110000000
0111111100000011111100000000000000000000000000000001111110000000
0011111100000011111100011111000011111111111111000001111110000000
0011111100000011111100011111100111111111111111000001111110000000
0011111100000011111100011111100111111111111111000001111110000000
0011111110000011111100011111100111111111111111000001111110000000
0001111110000011111100011111100111111111111111000001111110000000
0001111110000011111100011111100111111000111111000001111110000000
0001111111000011111100011111100111111000011111000001111110000000
0000111111000011111100011111100111111000011111011111111111110000
0000111111100011111100011111100111111000011111111111111111111000
0000011111110011111100011111100111111000011111111111111111111000
0000011111110011111100011111100111111000011111111111111111111000
0000001111111011111100011111100111111000011111111111111111111000
0000000111111111111100011111100111111000011111111111111111111000
0000000111111111111100011111100111111000011111000001111110000000
0000000011111111111100011111100111111000011111000001111110000000
0000000001111111111111111111111111111111111111000001111110000000
0000000000111111111111111111111111111111111111000001111110000000
0000000000001111111111111111111111111111111111000001111110000000
0000000000001111111111111111111111111111111111000001111110000000
0000000000011111111111111111111111111111111111000001111110000000
0000000000111111111111111111111111111111111111000001111110000000
0000000001111111111100011111100111111000111111000001111110000000
0000000011111111111100011111100111111000011111000001111110000000
0000000111111111111100011111100111111000011111011111111111110000
0000000111111111111100011111100111111000011111111111111111111000
0000001111111011111100011111100111111000011111111111111111111000
0000011111110011111100011111100111111000011111111111111111111000
0000011111100011111100011111100111111000011111111111111111111000
0000111111100011111100011111100111111000011111111111111111111000
0000111111000011111100011111100111111000011111000001111110000000
0001111111000011111100011111100111111000011111000001111110000000
0001111110000011111100011111100111111111111111000001111110000000
0001111110000011111100011111100111111111111111000001111110000000
0011111110000011111100011111100111111111111111000001111110000000
0011111100000011111100011111100111111111111111000001111110000000
0011111100000011111100011111100111111111111111000001111110000000
0111111100000011111100011111000011111111111111000001111110000000
0111111000000011111100000000000000000000000000000001111110000000
0011111000000011111100000000000000000000000000000001111110000000
0000010000000001111000000000000000000000000000000000111100000000
0000000000000000000000000000000000000000000000000000000000000000
0000000000000000000000000000000000000000000000000000000000000000
0000000000000000000000000000000000000000000000000000000000000000
